1	, 	289	;
2	, 	287	;
3	, 	284	;
4	, 	283	;
5	, 	280	;
6	, 	279	;
7	, 	277	;
8	, 	276	;
9	, 	274	;
10	, 	282	;
11	, 	289	;
12	, 	293	;
13	, 	292	;
14	, 	291	;
15	, 	289	;
16	, 	285	;
17	, 	285	;
18	, 	286	;
19	, 	285	;
20	, 	288	;
21	, 	290	;
22	, 	290	;
23	, 	290	;
24	, 	290	;
25	, 	288	;
26	, 	287	;
27	, 	284	;
28	, 	283	;
29	, 	280	;
30	, 	279	;
31	, 	277	;
32	, 	276	;
33	, 	275	;
34	, 	283	;
35	, 	291	;
36	, 	295	;
37	, 	295	;
38	, 	294	;
39	, 	291	;
40	, 	288	;
41	, 	288	;
42	, 	287	;
43	, 	287	;
44	, 	291	;
45	, 	292	;
46	, 	292	;
47	, 	292	;
48	, 	291	;
49	, 	289	;
50	, 	288	;
51	, 	285	;
52	, 	284	;
53	, 	282	;
54	, 	281	;
55	, 	279	;
56	, 	278	;
57	, 	277	;
58	, 	285	;
59	, 	292	;
60	, 	296	;
61	, 	297	;
62	, 	295	;
63	, 	292	;
64	, 	289	;
65	, 	289	;
66	, 	289	;
67	, 	288	;
68	, 	292	;
69	, 	293	;
70	, 	293	;
71	, 	293	;
72	, 	292	;
73	, 	290	;
74	, 	287	;
75	, 	285	;
76	, 	283	;
77	, 	281	;
78	, 	280	;
79	, 	278	;
80	, 	277	;
81	, 	276	;
82	, 	284	;
83	, 	290	;
84	, 	294	;
85	, 	294	;
86	, 	292	;
87	, 	289	;
88	, 	287	;
89	, 	286	;
90	, 	287	;
91	, 	286	;
92	, 	289	;
93	, 	290	;
94	, 	290	;
95	, 	290	;
96	, 	289	;
97	, 	287	;
98	, 	284	;
99	, 	281	;
100	, 	279	;
101	, 	277	;
102	, 	275	;
103	, 	274	;
104	, 	273	;
105	, 	272	;
106	, 	280	;
107	, 	287	;
108	, 	290	;
109	, 	291	;
110	, 	289	;
111	, 	286	;
112	, 	283	;
113	, 	283	;
114	, 	284	;
115	, 	283	;
116	, 	287	;
117	, 	288	;
118	, 	288	;
119	, 	288	;
120	, 	287	;
121	, 	285	;
122	, 	282	;
123	, 	280	;
124	, 	278	;
125	, 	276	;
126	, 	275	;
127	, 	274	;
128	, 	273	;
129	, 	272	;
130	, 	280	;
131	, 	286	;
132	, 	289	;
133	, 	289	;
134	, 	286	;
135	, 	283	;
136	, 	280	;
137	, 	281	;
138	, 	282	;
139	, 	281	;
140	, 	285	;
141	, 	287	;
142	, 	287	;
143	, 	286	;
144	, 	286	;
145	, 	284	;
146	, 	282	;
147	, 	279	;
148	, 	277	;
149	, 	276	;
150	, 	274	;
151	, 	274	;
152	, 	274	;
153	, 	272	;
154	, 	280	;
155	, 	286	;
156	, 	290	;
157	, 	290	;
158	, 	287	;
159	, 	283	;
160	, 	281	;
161	, 	281	;
162	, 	281	;
163	, 	281	;
164	, 	284	;
165	, 	285	;
166	, 	286	;
167	, 	286	;
168	, 	285	;
169	, 	282	;
170	, 	280	;
171	, 	278	;
172	, 	276	;
173	, 	275	;
174	, 	273	;
175	, 	272	;
176	, 	271	;
177	, 	269	;
178	, 	276	;
179	, 	283	;
180	, 	285	;
181	, 	284	;
182	, 	280	;
183	, 	277	;
184	, 	274	;
185	, 	274	;
186	, 	274	;
187	, 	275	;
188	, 	278	;
189	, 	280	;
190	, 	280	;
191	, 	280	;
192	, 	279	;
193	, 	278	;
194	, 	275	;
195	, 	273	;
196	, 	271	;
197	, 	270	;
198	, 	268	;
199	, 	267	;
200	, 	266	;
201	, 	265	;
202	, 	272	;
203	, 	278	;
204	, 	280	;
205	, 	279	;
206	, 	275	;
207	, 	272	;
208	, 	270	;
209	, 	269	;
210	, 	270	;
211	, 	271	;
212	, 	274	;
213	, 	275	;
214	, 	275	;
215	, 	275	;
216	, 	274	;
217	, 	273	;
218	, 	270	;
219	, 	268	;
220	, 	267	;
221	, 	266	;
222	, 	264	;
223	, 	264	;
224	, 	263	;
225	, 	262	;
226	, 	269	;
227	, 	275	;
228	, 	276	;
229	, 	275	;
230	, 	272	;
231	, 	270	;
232	, 	268	;
233	, 	267	;
234	, 	268	;
235	, 	269	;
236	, 	272	;
237	, 	273	;
238	, 	274	;
239	, 	273	;
240	, 	272	;
241	, 	270	;
242	, 	267	;
243	, 	265	;
244	, 	264	;
245	, 	263	;
246	, 	262	;
247	, 	261	;
248	, 	260	;
249	, 	259	;
250	, 	266	;
251	, 	272	;
252	, 	274	;
253	, 	273	;
254	, 	269	;
255	, 	266	;
256	, 	264	;
257	, 	263	;
258	, 	264	;
259	, 	265	;
260	, 	268	;
261	, 	270	;
262	, 	271	;
263	, 	271	;
264	, 	269	;
265	, 	268	;
266	, 	264	;
267	, 	262	;
268	, 	261	;
269	, 	261	;
270	, 	259	;
271	, 	258	;
272	, 	257	;
273	, 	256	;
274	, 	263	;
275	, 	268	;
276	, 	269	;
277	, 	268	;
278	, 	265	;
279	, 	262	;
280	, 	260	;
281	, 	259	;
282	, 	260	;
283	, 	262	;
284	, 	265	;
285	, 	267	;
286	, 	267	;
287	, 	267	;
288	, 	266	;
289	, 	264	;
290	, 	261	;
291	, 	259	;
292	, 	257	;
293	, 	257	;
294	, 	256	;
295	, 	254	;
296	, 	254	;
297	, 	253	;
298	, 	260	;
299	, 	265	;
300	, 	266	;
301	, 	265	;
302	, 	262	;
303	, 	259	;
304	, 	257	;
305	, 	256	;
306	, 	258	;
307	, 	260	;
308	, 	263	;
309	, 	265	;
310	, 	265	;
311	, 	265	;
312	, 	264	;
313	, 	262	;
314	, 	258	;
315	, 	257	;
316	, 	254	;
317	, 	254	;
318	, 	253	;
319	, 	252	;
320	, 	251	;
321	, 	250	;
322	, 	256	;
323	, 	261	;
324	, 	263	;
325	, 	262	;
326	, 	258	;
327	, 	255	;
328	, 	253	;
329	, 	252	;
330	, 	254	;
331	, 	256	;
332	, 	260	;
333	, 	261	;
334	, 	261	;
335	, 	261	;
336	, 	260	;
337	, 	258	;
338	, 	255	;
339	, 	253	;
340	, 	251	;
341	, 	250	;
342	, 	249	;
343	, 	249	;
344	, 	248	;
345	, 	247	;
346	, 	253	;
347	, 	259	;
348	, 	260	;
349	, 	260	;
350	, 	256	;
351	, 	253	;
352	, 	251	;
353	, 	250	;
354	, 	252	;
355	, 	254	;
356	, 	257	;
357	, 	259	;
358	, 	260	;
359	, 	259	;
360	, 	259	;
361	, 	256	;
362	, 	253	;
363	, 	252	;
364	, 	249	;
365	, 	249	;
366	, 	247	;
367	, 	247	;
368	, 	246	;
369	, 	245	;
370	, 	252	;
371	, 	258	;
372	, 	260	;
373	, 	258	;
374	, 	256	;
375	, 	253	;
376	, 	251	;
377	, 	250	;
378	, 	252	;
379	, 	255	;
380	, 	258	;
381	, 	260	;
382	, 	260	;
383	, 	260	;
384	, 	259	;
385	, 	257	;
386	, 	254	;
387	, 	252	;
388	, 	250	;
389	, 	249	;
390	, 	248	;
391	, 	248	;
392	, 	246	;
393	, 	246	;
394	, 	253	;
395	, 	258	;
396	, 	260	;
397	, 	258	;
398	, 	256	;
399	, 	252	;
400	, 	250	;
401	, 	249	;
402	, 	251	;
403	, 	254	;
404	, 	257	;
405	, 	259	;
406	, 	259	;
407	, 	259	;
408	, 	258	;
409	, 	256	;
410	, 	253	;
411	, 	251	;
412	, 	249	;
413	, 	248	;
414	, 	247	;
415	, 	246	;
416	, 	244	;
417	, 	244	;
418	, 	251	;
419	, 	256	;
420	, 	258	;
421	, 	256	;
422	, 	254	;
423	, 	250	;
424	, 	248	;
425	, 	248	;
426	, 	249	;
427	, 	252	;
428	, 	255	;
429	, 	256	;
430	, 	257	;
431	, 	256	;
432	, 	256	;
433	, 	254	;
434	, 	252	;
435	, 	250	;
436	, 	247	;
437	, 	246	;
438	, 	244	;
439	, 	243	;
440	, 	242	;
441	, 	242	;
442	, 	249	;
443	, 	254	;
444	, 	256	;
445	, 	254	;
446	, 	252	;
447	, 	249	;
448	, 	247	;
449	, 	246	;
450	, 	247	;
451	, 	250	;
452	, 	253	;
453	, 	255	;
454	, 	255	;
455	, 	255	;
456	, 	255	;
457	, 	253	;
458	, 	251	;
459	, 	250	;
460	, 	247	;
461	, 	245	;
462	, 	244	;
463	, 	242	;
464	, 	241	;
465	, 	240	;
466	, 	248	;
467	, 	252	;
468	, 	253	;
469	, 	250	;
470	, 	248	;
471	, 	245	;
472	, 	243	;
473	, 	243	;
474	, 	243	;
475	, 	246	;
476	, 	249	;
477	, 	251	;
478	, 	252	;
479	, 	252	;
480	, 	251	;
481	, 	250	;
482	, 	248	;
483	, 	246	;
484	, 	244	;
485	, 	242	;
486	, 	241	;
487	, 	239	;
488	, 	237	;
489	, 	237	;
490	, 	245	;
491	, 	249	;
492	, 	250	;
493	, 	247	;
494	, 	245	;
495	, 	242	;
496	, 	242	;
497	, 	241	;
498	, 	241	;
499	, 	244	;
500	, 	247	;
501	, 	249	;
502	, 	249	;
503	, 	250	;
504	, 	249	;
505	, 	248	;
506	, 	246	;
507	, 	245	;
508	, 	242	;
509	, 	241	;
510	, 	241	;
511	, 	239	;
512	, 	238	;
513	, 	238	;
514	, 	246	;
515	, 	251	;
516	, 	252	;
517	, 	249	;
518	, 	248	;
519	, 	246	;
520	, 	246	;
521	, 	245	;
522	, 	245	;
523	, 	248	;
524	, 	251	;
525	, 	252	;
526	, 	253	;
527	, 	253	;
528	, 	253	;
529	, 	251	;
530	, 	250	;
531	, 	248	;
532	, 	246	;
533	, 	245	;
534	, 	244	;
535	, 	243	;
536	, 	241	;
537	, 	242	;
538	, 	250	;
539	, 	255	;
540	, 	257	;
541	, 	255	;
542	, 	253	;
543	, 	250	;
544	, 	250	;
545	, 	249	;
546	, 	249	;
547	, 	252	;
548	, 	255	;
549	, 	256	;
550	, 	257	;
551	, 	256	;
552	, 	256	;
553	, 	254	;
554	, 	252	;
555	, 	251	;
556	, 	248	;
557	, 	247	;
558	, 	246	;
559	, 	245	;
560	, 	244	;
561	, 	243	;
562	, 	251	;
563	, 	256	;
564	, 	258	;
565	, 	256	;
566	, 	254	;
567	, 	251	;
568	, 	250	;
569	, 	250	;
570	, 	250	;
571	, 	252	;
572	, 	256	;
573	, 	257	;
574	, 	258	;
575	, 	258	;
576	, 	258	;
577	, 	255	;
578	, 	254	;
579	, 	253	;
580	, 	250	;
581	, 	249	;
582	, 	248	;
583	, 	246	;
584	, 	245	;
585	, 	245	;
586	, 	253	;
587	, 	258	;
588	, 	260	;
589	, 	257	;
590	, 	255	;
591	, 	252	;
592	, 	251	;
593	, 	250	;
594	, 	251	;
595	, 	253	;
596	, 	256	;
597	, 	258	;
598	, 	259	;
599	, 	258	;
600	, 	259	;
601	, 	257	;
602	, 	256	;
603	, 	255	;
604	, 	252	;
605	, 	251	;
606	, 	250	;
607	, 	248	;
608	, 	247	;
609	, 	248	;
610	, 	256	;
611	, 	261	;
612	, 	262	;
613	, 	259	;
614	, 	258	;
615	, 	256	;
616	, 	254	;
617	, 	253	;
618	, 	254	;
619	, 	256	;
620	, 	259	;
621	, 	261	;
622	, 	261	;
623	, 	261	;
624	, 	261	;
625	, 	259	;
626	, 	258	;
627	, 	257	;
628	, 	254	;
629	, 	253	;
630	, 	252	;
631	, 	250	;
632	, 	248	;
633	, 	249	;
634	, 	258	;
635	, 	263	;
636	, 	265	;
637	, 	262	;
638	, 	261	;
639	, 	259	;
640	, 	258	;
641	, 	257	;
642	, 	258	;
643	, 	260	;
644	, 	263	;
645	, 	265	;
646	, 	265	;
647	, 	264	;
648	, 	265	;
649	, 	264	;
650	, 	263	;
651	, 	261	;
652	, 	259	;
653	, 	258	;
654	, 	256	;
655	, 	254	;
656	, 	251	;
657	, 	253	;
658	, 	262	;
659	, 	267	;
660	, 	268	;
661	, 	265	;
662	, 	263	;
663	, 	261	;
664	, 	260	;
665	, 	259	;
666	, 	260	;
667	, 	261	;
668	, 	264	;
669	, 	265	;
670	, 	265	;
671	, 	265	;
672	, 	265	;
673	, 	264	;
674	, 	263	;
675	, 	262	;
676	, 	260	;
677	, 	259	;
678	, 	257	;
679	, 	254	;
680	, 	252	;
681	, 	253	;
682	, 	263	;
683	, 	268	;
684	, 	268	;
685	, 	265	;
686	, 	262	;
687	, 	260	;
688	, 	259	;
689	, 	259	;
690	, 	259	;
691	, 	261	;
692	, 	263	;
693	, 	264	;
694	, 	264	;
695	, 	265	;
696	, 	265	;
697	, 	264	;
698	, 	263	;
699	, 	262	;
700	, 	259	;
701	, 	258	;
702	, 	256	;
703	, 	253	;
704	, 	251	;
705	, 	253	;
706	, 	263	;
707	, 	267	;
708	, 	267	;
709	, 	263	;
710	, 	261	;
711	, 	259	;
712	, 	258	;
713	, 	259	;
714	, 	260	;
715	, 	261	;
716	, 	264	;
717	, 	264	;
718	, 	265	;
719	, 	265	;
720	, 	266	;
721	, 	265	;
722	, 	264	;
723	, 	263	;
724	, 	260	;
725	, 	259	;
726	, 	257	;
727	, 	254	;
728	, 	252	;
729	, 	253	;
730	, 	263	;
731	, 	268	;
732	, 	267	;
733	, 	264	;
734	, 	260	;
735	, 	259	;
736	, 	257	;
737	, 	258	;
738	, 	259	;
739	, 	261	;
740	, 	263	;
741	, 	264	;
742	, 	265	;
743	, 	265	;
744	, 	265	;