3, 10205;
4, 10202;
5, 10200;
6, 10202;
7, 10202;
8, 10200;
9, 10203;
10, 10208;
11, 10213;
12, 10217;
13, 10221;
14, 10220;
15, 10211;
16, 10200;
17, 10193;
18, 10190;
19, 10192;
20, 10196;
21, 10201;
22, 10206;
23, 10209;
24, 10211;
25, 10210;
26, 10209;
27, 10206;
28, 10202;
29, 10201;
30, 10202;
31, 10202;
32, 10200;
33, 10204;
34, 10208;
35, 10213;
36, 10217;
37, 10220;
38, 10219;
39, 10211;
40, 10200;
41, 10193;
42, 10190;
43, 10192;
44, 10196;
45, 10201;
46, 10206;
47, 10209;
48, 10210;
49, 10209;
50, 10209;
51, 10205;
52, 10202;
53, 10200;
54, 10201;
55, 10202;
56, 10200;
57, 10203;
58, 10208;
59, 10212;
60, 10216;
61, 10220;
62, 10219;
63, 10210;
64, 10199;
65, 10192;
66, 10190;
67, 10192;
68, 10196;
69, 10200;
70, 10205;
71, 10208;
72, 10209;
73, 10209;
74, 10208;
75, 10204;
76, 10201;
77, 10199;
78, 10200;
79, 10201;
80, 10199;
81, 10202;
82, 10206;
83, 10211;
84, 10215;
85, 10219;
86, 10218;
87, 10210;
88, 10198;
89, 10192;
90, 10189;
91, 10191;
92, 10195;
93, 10199;
94, 10204;
95, 10207;
96, 10209;
97, 10208;
98, 10207;
99, 10204;
100, 10200;
101, 10199;
102, 10200;
103, 10200;
104, 10199;
105, 10202;
106, 10206;
107, 10211;
108, 10215;
109, 10219;
110, 10218;
111, 10210;
112, 10199;
113, 10192;
114, 10189;
115, 10192;
116, 10196;
117, 10200;
118, 10205;
119, 10208;
120, 10209;
121, 10209;
122, 10208;
123, 10204;
124, 10201;
125, 10199;
126, 10200;
127, 10201;
128, 10199;
129, 10202;
130, 10206;
131, 10211;
132, 10216;
133, 10219;
134, 10219;
135, 10210;
136, 10199;
137, 10192;
138, 10189;
139, 10191;
140, 10195;
141, 10200;
142, 10205;
143, 10207;
144, 10209;
145, 10208;
146, 10207;
147, 10203;
148, 10200;
149, 10198;
150, 10199;
151, 10199;
152, 10198;
153, 10201;
154, 10205;
155, 10210;
156, 10214;
157, 10217;
158, 10216;
159, 10208;
160, 10197;
161, 10190;
162, 10187;
163, 10189;
164, 10193;
165, 10198;
166, 10203;
167, 10205;
168, 10207;
169, 10206;
170, 10205;
171, 10202;
172, 10198;
173, 10196;
174, 10197;
175, 10198;
176, 10196;
177, 10199;
178, 10203;
179, 10209;
180, 10213;
181, 10216;
182, 10216;
183, 10208;
184, 10196;
185, 10189;
186, 10187;
187, 10188;
188, 10193;
189, 10197;
190, 10202;
191, 10205;
192, 10206;
193, 10206;
194, 10205;
195, 10201;
196, 10198;
197, 10196;
198, 10197;
199, 10197;
200, 10196;
201, 10199;
202, 10203;
203, 10209;
204, 10212;
205, 10216;
206, 10216;
207, 10208;
208, 10196;
209, 10189;
210, 10186;
211, 10188;
212, 10192;
213, 10197;
214, 10202;
215, 10204;
216, 10206;
217, 10205;
218, 10205;
219, 10201;
220, 10198;
221, 10196;
222, 10196;
223, 10197;
224, 10195;
225, 10198;
226, 10202;
227, 10208;
228, 10211;
229, 10215;
230, 10215;
231, 10207;
232, 10195;
233, 10188;
234, 10185;
235, 10187;
236, 10191;
237, 10195;
238, 10201;
239, 10203;
240, 10204;
241, 10204;
242, 10204;
243, 10200;
244, 10197;
245, 10195;
246, 10195;
247, 10195;
248, 10194;
249, 10197;
250, 10201;
251, 10207;
252, 10211;
253, 10214;
254, 10214;
255, 10206;
256, 10194;
257, 10187;
258, 10184;
259, 10186;
260, 10190;
261, 10195;
262, 10200;
263, 10203;
264, 10204;
265, 10203;
266, 10203;
267, 10199;
268, 10196;
269, 10194;
270, 10194;
271, 10194;
272, 10193;
273, 10196;
274, 10200;
275, 10206;
276, 10209;
277, 10213;
278, 10212;
279, 10205;
280, 10193;
281, 10186;
282, 10182;
283, 10184;
284, 10189;
285, 10193;
286, 10198;
287, 10201;
288, 10202;
289, 10202;
290, 10201;
291, 10198;
292, 10194;
293, 10192;
294, 10193;
295, 10192;
296, 10191;
297, 10194;
298, 10199;
299, 10204;
300, 10208;
301, 10211;
302, 10211;
303, 10203;
304, 10192;
305, 10185;
306, 10182;
307, 10184;
308, 10188;
309, 10192;
310, 10197;
311, 10200;
312, 10201;
313, 10201;
314, 10201;
315, 10198;
316, 10194;
317, 10193;
318, 10193;
319, 10193;
320, 10192;
321, 10195;
322, 10199;
323, 10205;
324, 10208;
325, 10212;
326, 10212;
327, 10205;
328, 10194;
329, 10186;
330, 10183;
331, 10185;
332, 10190;
333, 10194;
334, 10199;
335, 10202;
336, 10204;
337, 10204;
338, 10203;
339, 10200;
340, 10197;
341, 10195;
342, 10196;
343, 10194;
344, 10194;
345, 10197;
346, 10202;
347, 10207;
348, 10211;
349, 10214;
350, 10214;
351, 10206;
352, 10195;
353, 10187;
354, 10185;
355, 10186;
356, 10191;
357, 10195;
358, 10200;
359, 10203;
360, 10205;
361, 10205;
362, 10204;
363, 10201;
364, 10198;
365, 10196;
366, 10196;
367, 10195;
368, 10195;
369, 10198;
370, 10202;
371, 10207;
372, 10210;
373, 10214;
374, 10214;
375, 10206;
376, 10195;
377, 10186;
378, 10184;
379, 10185;
380, 10189;
381, 10194;
382, 10199;
383, 10202;
384, 10203;
385, 10203;
386, 10202;
387, 10200;
388, 10196;
389, 10194;
390, 10195;
391, 10193;
392, 10193;
393, 10196;
394, 10200;
395, 10205;
396, 10209;
397, 10212;
398, 10212;
399, 10205;
400, 10193;
401, 10185;
402, 10182;
403, 10184;
404, 10188;
405, 10193;
406, 10198;
407, 10201;
408, 10202;
409, 10202;
410, 10201;
411, 10199;
412, 10195;
413, 10193;
414, 10193;
415, 10192;
416, 10192;
417, 10195;
418, 10199;
419, 10204;
420, 10208;
421, 10211;
422, 10211;
423, 10203;
424, 10192;
425, 10184;
426, 10181;
427, 10182;
428, 10186;
429, 10192;
430, 10196;
431, 10199;
432, 10201;
433, 10201;
434, 10200;
435, 10198;
436, 10194;
437, 10193;
438, 10193;
439, 10192;
440, 10192;
441, 10195;
442, 10199;
443, 10204;
444, 10208;
445, 10211;
446, 10211;
447, 10203;
448, 10192;
449, 10184;
450, 10181;
451, 10182;
452, 10186;
453, 10192;
454, 10197;
455, 10200;
456, 10201;
457, 10201;
458, 10201;
459, 10198;
460, 10195;
461, 10193;
462, 10193;
463, 10192;
464, 10192;
465, 10195;
466, 10200;
467, 10205;
468, 10208;
469, 10211;
470, 10211;
471, 10204;
472, 10193;
473, 10184;
474, 10181;
475, 10182;
476, 10187;
477, 10192;
478, 10197;
479, 10200;
480, 10202;
481, 10202;
482, 10201;
483, 10199;
484, 10195;
485, 10194;
486, 10194;
487, 10193;
488, 10193;
489, 10196;
490, 10201;
491, 10206;
492, 10209;
493, 10212;
494, 10212;
495, 10205;
496, 10194;
497, 10185;
498, 10182;
499, 10183;
500, 10188;
501, 10193;
502, 10198;
503, 10201;
504, 10203;
505, 10203;
506, 10202;
507, 10200;
508, 10197;
509, 10195;
510, 10195;
511, 10194;
512, 10194;
513, 10197;
514, 10202;
515, 10206;
516, 10210;
517, 10213;
518, 10213;
519, 10206;
520, 10195;
521, 10186;
522, 10183;
523, 10184;
524, 10188;
525, 10194;
526, 10199;
527, 10202;
528, 10203;
529, 10203;
530, 10202;
531, 10200;
532, 10196;
533, 10194;
534, 10194;
535, 10193;
536, 10193;
537, 10196;
538, 10200;
539, 10205;
540, 10208;
541, 10211;
542, 10211;
543, 10203;
544, 10192;
545, 10184;
546, 10180;
547, 10182;
548, 10186;
549, 10191;
550, 10196;
551, 10199;
552, 10201;
553, 10200;
554, 10200;
555, 10198;
556, 10194;
557, 10193;
558, 10193;
559, 10191;
560, 10191;
561, 10194;
562, 10199;
563, 10203;
564, 10207;
565, 10209;
566, 10210;
567, 10202;
568, 10191;
569, 10183;
570, 10179;
571, 10180;
572, 10185;
573, 10190;
574, 10195;
575, 10198;
576, 10199;
577, 10199;
578, 10199;
579, 10197;
580, 10193;
581, 10192;
582, 10192;
583, 10190;
584, 10190;
585, 10194;
586, 10198;
587, 10202;
588, 10207;
589, 10209;
590, 10209;
591, 10202;
592, 10191;
593, 10183;
594, 10179;
595, 10180;
596, 10184;
597, 10190;
598, 10195;
599, 10198;
600, 10199;
601, 10199;
602, 10198;
603, 10197;
604, 10193;
605, 10192;
606, 10192;
607, 10190;
608, 10191;
609, 10194;
610, 10198;
611, 10203;
612, 10206;
613, 10208;
614, 10208;
615, 10202;
616, 10191;
617, 10182;
618, 10179;
619, 10180;
620, 10184;
621, 10190;
622, 10195;
623, 10198;
624, 10199;
625, 10199;
626, 10199;
627, 10197;
628, 10194;
629, 10192;
630, 10192;
631, 10191;
632, 10191;
633, 10195;
634, 10199;
635, 10204;
636, 10207;
637, 10209;
638, 10209;
639, 10202;
640, 10192;
641, 10183;
642, 10179;
643, 10180;
644, 10184;
645, 10190;
646, 10196;
647, 10199;
648, 10200;
649, 10200;
650, 10199;
651, 10197;
652, 10194;
653, 10193;
654, 10192;
655, 10191;
656, 10191;
657, 10195;
658, 10200;
659, 10204;
660, 10207;
661, 10209;
662, 10209;
663, 10202;
664, 10192;
665, 10183;
666, 10179;
667, 10180;
668, 10184;
669, 10190;
670, 10196;
671, 10199;
672, 10200;
673, 10200;
674, 10200;
675, 10198;
676, 10195;
677, 10193;
678, 10193;
679, 10192;
680, 10192;
681, 10195;
682, 10200;
683, 10205;
684, 10208;
685, 10209;
686, 10209;
687, 10203;
688, 10192;
689, 10183;
690, 10179;
691, 10180;
692, 10184;
693, 10190;
694, 10195;
695, 10199;
696, 10200;
697, 10200;
698, 10199;
699, 10197;
700, 10194;
701, 10192;
702, 10192;
703, 10191;
704, 10191;
705, 10195;
706, 10199;
707, 10205;
708, 10208;
709, 10209;
710, 10208;
711, 10202;
712, 10192;
713, 10183;
714, 10179;
715, 10180;
716, 10184;
717, 10190;
718, 10195;
719, 10198;
720, 10199;
721, 10199;
722, 10198;
723, 10197;
724, 10194;
725, 10192;
726, 10191;
727, 10191;
728, 10191;
729, 10194;
730, 10199;
731, 10205;
732, 10208;
733, 10209;
734, 10208;
735, 10202;
736, 10192;
737, 10183;
738, 10179;
739, 10180;
740, 10184;
741, 10190;
742, 10195;
743, 10199;
744, 10200;
745, 10200;
746, 10200;
