1, 349;
2, 344;
3, 339;
4, 334;
5, 331;
6, 327;
7, 325;
8, 323;
9, 321;
10, 338;
11, 364;
12, 394;
13, 421;
14, 442;
15, 456;
16, 462;
17, 458;
18, 441;
19, 412;
20, 396;
21, 382;
22, 372;
23, 363;
24, 355;
25, 349;
26, 344;
27, 339;
28, 335;
29, 331;
30, 327;
31, 325;
32, 323;
33, 321;
34, 338;
35, 366;
36, 396;
37, 424;
38, 445;
39, 460;
40, 465;
41, 461;
42, 444;
43, 415;
44, 398;
45, 385;
46, 374;
47, 365;
48, 358;
49, 351;
50, 346;
51, 341;
52, 337;
53, 333;
54, 329;
55, 327;
56, 325;
57, 323;
58, 340;
59, 367;
60, 397;
61, 425;
62, 445;
63, 459;
64, 465;
65, 460;
66, 443;
67, 415;
68, 398;
69, 385;
70, 374;
71, 365;
72, 357;
73, 350;
74, 345;
75, 340;
76, 336;
77, 331;
78, 328;
79, 325;
80, 324;
81, 322;
82, 338;
83, 366;
84, 396;
85, 423;
86, 443;
87, 456;
88, 462;
89, 457;
90, 441;
91, 413;
92, 395;
93, 383;
94, 372;
95, 364;
96, 356;
97, 348;
98, 342;
99, 337;
100, 332;
101, 328;
102, 324;
103, 322;
104, 320;
105, 318;
106, 335;
107, 363;
108, 393;
109, 421;
110, 441;
111, 455;
112, 460;
113, 456;
114, 439;
115, 411;
116, 394;
117, 382;
118, 371;
119, 363;
120, 355;
121, 348;
122, 342;
123, 337;
124, 332;
125, 328;
126, 325;
127, 322;
128, 321;
129, 318;
130, 335;
131, 363;
132, 393;
133, 420;
134, 440;
135, 453;
136, 459;
137, 455;
138, 438;
139, 411;
140, 394;
141, 381;
142, 371;
143, 362;
144, 354;
145, 347;
146, 341;
147, 336;
148, 332;
149, 328;
150, 325;
151, 322;
152, 320;
153, 318;
154, 334;
155, 362;
156, 392;
157, 419;
158, 440;
159, 453;
160, 459;
161, 454;
162, 438;
163, 410;
164, 393;
165, 380;
166, 370;
167, 361;
168, 353;
169, 346;
170, 340;
171, 334;
172, 330;
173, 326;
174, 322;
175, 320;
176, 317;
177, 315;
178, 331;
179, 359;
180, 390;
181, 416;
182, 437;
183, 451;
184, 457;
185, 452;
186, 436;
187, 408;
188, 390;
189, 377;
190, 367;
191, 357;
192, 349;
193, 343;
194, 336;
195, 331;
196, 326;
197, 322;
198, 319;
199, 316;
200, 313;
201, 311;
202, 328;
203, 356;
204, 386;
205, 413;
206, 434;
207, 448;
208, 454;
209, 450;
210, 433;
211, 405;
212, 387;
213, 375;
214, 364;
215, 354;
216, 346;
217, 340;
218, 333;
219, 328;
220, 323;
221, 318;
222, 315;
223, 313;
224, 310;
225, 308;
226, 325;
227, 354;
228, 384;
229, 411;
230, 431;
231, 446;
232, 452;
233, 448;
234, 432;
235, 403;
236, 386;
237, 373;
238, 362;
239, 352;
240, 344;
241, 338;
242, 331;
243, 326;
244, 322;
245, 317;
246, 313;
247, 311;
248, 309;
249, 307;
250, 323;
251, 352;
252, 382;
253, 409;
254, 430;
255, 444;
256, 451;
257, 447;
258, 432;
259, 403;
260, 385;
261, 372;
262, 361;
263, 351;
264, 343;
265, 337;
266, 330;
267, 326;
268, 322;
269, 317;
270, 313;
271, 310;
272, 308;
273, 306;
274, 322;
275, 350;
276, 379;
277, 406;
278, 426;
279, 441;
280, 448;
281, 444;
282, 429;
283, 400;
284, 382;
285, 369;
286, 358;
287, 349;
288, 341;
289, 334;
290, 328;
291, 323;
292, 319;
293, 314;
294, 310;
295, 308;
296, 306;
297, 304;
298, 321;
299, 348;
300, 377;
301, 403;
302, 424;
303, 438;
304, 444;
305, 441;
306, 426;
307, 397;
308, 379;
309, 367;
310, 355;
311, 346;
312, 338;
313, 331;
314, 325;
315, 320;
316, 316;
317, 310;
318, 308;
319, 305;
320, 303;
321, 301;
322, 317;
323, 345;
324, 374;
325, 401;
326, 421;
327, 435;
328, 441;
329, 438;
330, 423;
331, 394;
332, 376;
333, 364;
334, 352;
335, 342;
336, 335;
337, 328;
338, 322;
339, 317;
340, 312;
341, 307;
342, 304;
343, 302;
344, 299;
345, 297;
346, 314;
347, 342;
348, 371;
349, 398;
350, 419;
351, 434;
352, 441;
353, 437;
354, 422;
355, 394;
356, 375;
357, 363;
358, 351;
359, 341;
360, 333;
361, 327;
362, 320;
363, 315;
364, 310;
365, 305;
366, 302;
367, 300;
368, 297;
369, 295;
370, 312;
371, 341;
372, 370;
373, 398;
374, 419;
375, 435;
376, 442;
377, 438;
378, 424;
379, 396;
380, 376;
381, 364;
382, 352;
383, 342;
384, 334;
385, 327;
386, 321;
387, 316;
388, 311;
389, 305;
390, 303;
391, 301;
392, 298;
393, 296;
394, 314;
395, 342;
396, 371;
397, 399;
398, 420;
399, 435;
400, 441;
401, 438;
402, 424;
403, 395;
404, 376;
405, 364;
406, 352;
407, 342;
408, 334;
409, 327;
410, 321;
411, 316;
412, 311;
413, 305;
414, 302;
415, 300;
416, 297;
417, 295;
418, 314;
419, 341;
420, 371;
421, 399;
422, 421;
423, 436;
424, 442;
425, 439;
426, 425;
427, 396;
428, 377;
429, 364;
430, 352;
431, 342;
432, 334;
433, 327;
434, 321;
435, 315;
436, 310;
437, 304;
438, 301;
439, 299;
440, 296;
441, 294;
442, 313;
443, 340;
444, 370;
445, 398;
446, 420;
447, 436;
448, 442;
449, 439;
450, 425;
451, 397;
452, 377;
453, 364;
454, 351;
455, 341;
456, 333;
457, 326;
458, 320;
459, 314;
460, 309;
461, 304;
462, 300;
463, 297;
464, 294;
465, 293;
466, 311;
467, 339;
468, 368;
469, 396;
470, 418;
471, 434;
472, 441;
473, 438;
474, 425;
475, 396;
476, 375;
477, 362;
478, 349;
479, 339;
480, 331;
481, 324;
482, 317;
483, 311;
484, 306;
485, 301;
486, 297;
487, 294;
488, 292;
489, 290;
490, 310;
491, 338;
492, 368;
493, 397;
494, 419;
495, 435;
496, 442;
497, 439;
498, 426;
499, 397;
500, 376;
501, 362;
502, 349;
503, 339;
504, 331;
505, 324;
506, 317;
507, 312;
508, 307;
509, 301;
510, 298;
511, 295;
512, 292;
513, 291;
514, 311;
515, 340;
516, 370;
517, 399;
518, 420;
519, 437;
520, 443;
521, 440;
522, 428;
523, 399;
524, 378;
525, 364;
526, 351;
527, 341;
528, 333;
529, 325;
530, 319;
531, 314;
532, 309;
533, 304;
534, 301;
535, 298;
536, 295;
537, 294;
538, 314;
539, 342;
540, 373;
541, 402;
542, 422;
543, 439;
544, 445;
545, 442;
546, 429;
547, 401;
548, 380;
549, 367;
550, 354;
551, 344;
552, 336;
553, 328;
554, 322;
555, 316;
556, 312;
557, 306;
558, 303;
559, 300;
560, 298;
561, 297;
562, 316;
563, 344;
564, 375;
565, 403;
566, 424;
567, 441;
568, 447;
569, 445;
570, 432;
571, 404;
572, 383;
573, 369;
574, 356;
575, 346;
576, 338;
577, 330;
578, 324;
579, 318;
580, 314;
581, 309;
582, 305;
583, 302;
584, 300;
585, 298;
586, 318;
587, 346;
588, 377;
589, 406;
590, 427;
591, 444;
592, 450;
593, 448;
594, 435;
595, 407;
596, 386;
597, 372;
598, 358;
599, 348;
600, 340;
601, 331;
602, 325;
603, 319;
604, 315;
605, 310;
606, 307;
607, 303;
608, 301;
609, 300;
610, 321;
611, 349;
612, 381;
613, 410;
614, 431;
615, 448;
616, 454;
617, 451;
618, 438;
619, 410;
620, 389;
621, 374;
622, 360;
623, 349;
624, 341;
625, 332;
626, 325;
627, 319;
628, 314;
629, 309;
630, 306;
631, 302;
632, 301;
633, 301;
634, 322;
635, 352;
636, 384;
637, 414;
638, 436;
639, 453;
640, 459;
641, 457;
642, 443;
643, 416;
644, 393;
645, 378;
646, 364;
647, 353;
648, 344;
649, 335;
650, 328;
651, 323;
652, 318;
653, 313;
654, 310;
655, 306;
656, 304;
657, 304;
658, 326;
659, 356;
660, 388;
661, 417;
662, 438;
663, 455;
664, 461;
665, 459;
666, 446;
667, 418;
668, 395;
669, 379;
670, 366;
671, 355;
672, 346;
673, 337;
674, 330;
675, 325;
676, 320;
677, 315;
678, 311;
679, 307;
680, 305;
681, 304;
682, 327;
683, 357;
684, 390;
685, 418;
686, 439;
687, 456;
688, 462;
689, 460;
690, 447;
691, 419;
692, 397;
693, 381;
694, 367;
695, 356;
696, 346;
697, 338;
698, 331;
699, 325;
700, 320;
701, 315;
702, 311;
703, 307;
704, 305;
705, 305;
706, 327;
707, 358;
708, 391;
709, 419;
710, 440;
711, 457;
712, 463;
713, 461;
714, 448;
715, 421;
716, 398;
717, 382;
718, 369;
719, 357;
720, 348;
721, 339;
722, 332;
723, 327;
724, 321;
725, 317;
726, 312;
727, 308;
728, 306;
729, 306;
730, 329;
731, 360;
732, 393;
733, 421;
734, 441;
735, 458;
736, 465;
737, 462;
738, 449;
739, 422;
740, 399;
741, 382;
742, 369;
743, 357;
744, 347;
